0.19283910 -0.01655878 0.00248688 -0.03757520 -0.04729277 -0.00923999 -0.01094029 -0.01283103 -0.03365190 -0.03124949 -0.02614834 -0.00171861 -0.02495516 0.02448827 0.00246647 -0.02036350 0.01318847 -0.01294337 -0.03277975 0.01984533 -0.01219114 -0.00697253 0.03153384 -0.01604520 -0.05198417 0.03198155 0.01624751 -0.00835985 0.04076353 -0.02813131 -0.00468941 -0.01600196 -0.04849879 -0.01916176 0.00454486 -0.01053158 -0.01284544 0.01793571 0.04938327 -0.00277798 0.01510449 -0.02444206 0.04244709 0.06121585 -0.00914694 0.00644889 -0.00829065 -0.02554066 -0.02482757 -0.02157005 -0.00221651 -0.00609120 0.02077179 0.00338754 -0.03863636 -0.00435112 0.04472571 0.04439628 0.04903711 -0.02281987 0.00258932 0.06430973 0.01623026 -0.01227763 -0.01657350 -0.04168592 0.00627619 0.04977827 -0.01470785 0.02460771 -0.05048187 0.00009125 -0.04186311 0.01559011 0.00851612 -0.05179215 0.01681364 -0.00037616 0.00301747 -0.01009485 -0.00264875 -0.03786024 -0.02873730 -0.05614690 0.00792879 0.06923696 0.00205633 -0.02500658 -0.01175208 0.00655726 -0.02833744 -0.04828869 0.03108945 -0.00184110 0.07760828 -0.05573075 0.06796269 -0.00654142 0.02940015 0.02363672
-0.01655878 0.17772836 -0.02899157 -0.00712134 -0.02025978 0.01770624 0.01845485 0.00088051 0.04707702 0.02611213 0.01194196 0.01135112 -0.04204804 -0.05285339 -0.01233365 -0.03967848 0.00045480 -0.02666902 -0.02256521 -0.03498948 -0.01356266 0.01047273 -0.02152903 -0.02286248 0.02114910 -0.03081029 -0.00102968 0.01453830 0.03170141 -0.02420722 0.00740085 -0.00025259 0.02985214 0.00670070 -0.02860812 0.03188719 0.03037852 0.00456794 -0.03417177 -0.02892063 -0.01424051 -0.01027370 -0.01675472 -0.03588052 0.01975503 -0.00058276 0.00651125 0.04470039 0.02405415 -0.00790149 0.00473493 -0.02570633 -0.01209093 -0.03599441 -0.03685013 -0.01143139 -0.02602466 -0.02567666 -0.01309338 -0.00519015 -0.04402760 -0.01159456 0.00178213 0.01688661 0.03470471 -0.00521783 0.02826889 0.00220549 -0.02842242 0.00773675 0.01110009 0.02058595 -0.01420059 -0.01162071 0.02793618 0.01368866 -0.00189286 0.03702869 0.04295706 -0.02371787 0.00973189 -0.01147270 0.03674143 0.00253470 0.00384871 -0.04616326 0.00285844 0.01954837 0.00595641 -0.01796531 0.05279349 -0.05183555 -0.01484990 0.01936533 0.00032411 -0.00063594 0.02616929 -0.00556102 0.02411398 0.01162581
0.00248688 -0.02899157 0.17694792 0.00560465 -0.01099180 -0.03634385 0.05510656 0.01405519 0.03394659 -0.00667033 -0.00237688 -0.00373906 0.00926007 0.00670489 -0.00235515 -0.00369471 0.00743723 -0.03716756 -0.05430668 -0.05582908 -0.01199736 -0.01109021 -0.00048523 -0.02877153 -0.02838617 -0.00827041 0.01540168 0.00678791 0.00128172 -0.02716293 -0.02620181 -0.00240567 0.02039542 -0.00859434 -0.02948219 -0.03285374 0.00852025 0.00381593 -0.00218390 0.03069938 -0.00828214 -0.01437215 0.01075474 0.02396024 -0.02539306 0.00980835 0.00544761 -0.03166594 -0.00134144 0.01642836 -0.05920806 0.03757385 -0.02845258 -0.01445647 0.02909318 0.00118616 -0.01526847 0.03498207 0.00185064 -0.02074296 0.01892830 -0.02867185 0.01448353 0.01235349 -0.00511505 -0.04601126 -0.00089505 -0.04365592 0.05225176 -0.01782956 -0.02214572 0.00211662 -0.00689130 -0.01269592 -0.00256559 -0.00630039 0.00292615 -0.02102384 0.02519134 0.03097612 0.04916323 0.00617531 0.03045569 -0.01956008 0.01724201 0.03193188 0.00955530 -0.00005464 0.03260882 0.00112299 -0.02000079 0.00426660 0.01667500 -0.02202470 0.03984820 0.00192821 -0.01496904 0.03920531 -0.04063718 -0.02273693
-0.03757520 -0.00712134 0.00560465 0.17482862 0.05567595 -0.00381458 -0.01876794 -0.02003182 0.03192271 0.01654952 0.02204311 -0.03134665 -0.01890330 -0.06677955 0.00640066 0.00706234 -0.02767331 0.01371834 -0.04566394 0.02552728 -0.00238176 0.03384903 -0.01729229 0.02201792 0.00329803 0.02277355 -0.05253590 0.01463807 -0.07646941 -0.01808608 0.02790164 -0.02215573 0.00006783 -0.00574731 0.00695456 -0.01541037 0.02375344 0.00500852 0.00179585 -0.03810391 -0.00226952 0.01091247 -0.04375079 -0.04840053 -0.00249865 0.01221602 0.00267754 -0.01143395 -0.00557390 0.03769781 0.00524786 0.03596388 -0.00969686 -0.00225711 0.07149705 -0.00224818 0.01281312 -0.03425554 0.01059608 0.01352728 0.01376694 -0.02911586 -0.08431694 0.01312159 -0.02610343 0.02719448 -0.01871358 -0.02241816 0.00504847 0.01430162 0.00053776 -0.00782928 0.01834789 -0.01049266 0.02388629 0.03370198 -0.00995507 -0.01049615 0.00884914 0.01660968 0.01601544 -0.02338957 0.02160925 -0.00469373 0.01346171 -0.01176547 0.00553230 0.01137553 -0.03212537 -0.01596777 0.00830420 0.01772177 0.02240715 -0.00432410 -0.01814899 0.02156244 -0.02367844 0.01864433 -0.03613295 0.00284240
-0.04729277 -0.02025978 -0.01099180 0.05567595 0.19343304 -0.01924712 -0.01867378 0.01288652 0.00551022 -0.00795052 0.00578241 -0.00245901 0.00486483 -0.00038006 -0.01898565 0.00570867 -0.04907195 -0.02357080 -0.02450038 0.02434110 0.00463801 0.01089478 0.01869999 0.03872202 -0.02218342 -0.00139456 -0.03433269 -0.00893173 -0.08365848 -0.00901152 0.02244812 -0.01441200 0.01120344 0.02402341 0.00692234 -0.03221890 -0.01892843 0.02907140 0.02577190 -0.01086127 0.00615323 0.02405619 0.00541959 -0.00806974 -0.01786967 -0.04951348 0.00902684 0.02342065 0.00867199 0.05982878 0.01935961 0.03099755 0.00729752 0.00955049 0.02584045 -0.01439103 -0.06169806 -0.03296673 -0.01732909 -0.00388468 -0.00166167 -0.03760998 -0.01614899 -0.04509110 -0.01777633 -0.00119192 0.04276162 -0.08155519 0.01087160 -0.03318856 0.04309790 -0.02560026 0.01448705 -0.01878201 -0.01139404 0.06975967 0.00556594 -0.01015851 0.02279051 -0.01744939 -0.00644658 -0.00294395 -0.00187609 0.04635333 0.03388224 -0.02285094 0.02611543 -0.00617773 0.00592645 -0.01150557 -0.00693127 -0.00235790 0.02663610 0.02239514 -0.08806647 0.06065905 -0.00346309 0.01827225 -0.00427952 0.00528444
-0.00923999 0.01770624 -0.03634385 -0.00381458 -0.01924712 0.13857666 0.01683486 -0.00424571 0.00668176 0.03345697 0.02347665 -0.01479453 0.01745807 -0.02388928 -0.00022332 -0.01042749 0.01807368 0.00800955 -0.02081866 -0.00386730 0.00737235 0.01902725 -0.02359916 -0.01326649 -0.00627941 -0.03559356 0.02666827 0.02243236 -0.02479545 0.00955204 0.01076509 0.01629013 -0.02468924 0.00201207 -0.02291616 0.03995725 0.01346074 -0.02099924 -0.00059522 -0.03773126 -0.00633282 -0.01340978 -0.00923938 -0.01795897 0.02578242 0.01473256 -0.01341017 0.02296225 0.01744479 -0.03015486 -0.00842057 -0.01567588 0.00039492 -0.01061310 -0.00648885 -0.01737201 0.02796858 0.01465456 -0.00042482 0.02845284 -0.00531895 -0.00120666 -0.01658488 -0.03528538 0.03770230 0.00582808 0.00252781 0.02723544 -0.04131628 0.04843476 0.00643750 -0.04979561 -0.00506600 0.02149733 -0.03007416 0.01326632 -0.00933639 0.02127732 -0.01153641 -0.01120062 0.01078102 0.00839841 0.04159060 -0.00031443 -0.02605794 -0.00089950 -0.01319713 -0.00077040 -0.01924377 0.01713973 0.01031661 -0.01419005 0.00319699 -0.04128167 -0.01504093 0.00482903 -0.02095631 -0.00691467 -0.01499694 0.01821974
-0.01094029 0.01845485 0.05510656 -0.01876794 -0.01867378 0.01683486 0.16366788 -0.01240705 0.01618812 0.00366392 0.00799460 0.00171328 0.04639367 0.01615321 -0.03203019 -0.02999957 -0.00131071 -0.04197673 -0.01765250 -0.05338994 0.02441416 -0.02088457 0.01280417 -0.03640366 -0.02000874 -0.02616636 0.02661487 0.03922712 -0.01409702 0.03205132 0.01118792 0.03552034 -0.04184602 -0.01586588 0.00192376 -0.00591020 0.00266346 -0.03531984 -0.01709537 -0.00585902 -0.00785252 -0.01208399 0.01633122 0.01328161 -0.01972518 0.04591993 -0.01342039 0.00258697 0.02810148 -0.01182841 -0.03480906 -0.00037207 0.00142129 -0.05565630 -0.02387693 0.01129622 -0.03492610 0.03657638 -0.00969208 -0.02698357 0.01980872 -0.00229434 0.04430882 -0.04131704 0.01408529 -0.02953846 0.01713247 -0.00739011 0.05620408 -0.01279909 -0.01387130 -0.01743524 0.01808994 -0.03610502 -0.03826949 0.01915515 -0.02103426 -0.03246391 0.02471568 0.00095031 0.02351545 0.02379025 0.02843091 -0.02963065 -0.02043942 0.00108597 0.02498148 0.03143840 0.03479450 -0.00824092 0.02611808 -0.01964957 -0.00449534 -0.02175198 0.00295787 -0.02972278 -0.03459287 0.03362284 -0.02259690 -0.00319928
-0.01283103 0.00088051 0.01405519 -0.02003182 0.01288652 -0.00424571 -0.01240705 0.17279567 -0.00664996 0.01277490 -0.01091420 -0.03498691 -0.02558152 0.00514804 0.04456342 -0.00383392 -0.00872818 0.00705788 -0.00691336 0.00552051 -0.04621900 0.01725659 -0.01156507 0.01103865 -0.00207179 -0.02325790 0.02618329 0.00959642 0.00341128 0.02474849 -0.00542627 -0.01233696 0.06743043 0.01823630 -0.06446256 -0.01370947 0.01081522 -0.00138658 0.02396718 0.01130934 0.04877576 -0.01360309 0.03310283 0.00505777 0.00495425 -0.01814824 0.00135936 -0.00738099 0.03612955 0.00426706 0.02556324 0.01134620 0.00784813 0.00334353 -0.03800186 0.02933695 -0.01037734 0.01597760 0.01499072 0.00978423 -0.00391844 -0.02516968 0.02931780 -0.01021944 -0.01085665 0.00033844 -0.01179997 -0.03721568 0.00283471 0.03186595 0.02055324 -0.00579894 -0.03386734 0.07027517 -0.00625992 0.01302758 0.03371424 -0.00988653 -0.03234108 -0.05674857 -0.01474644 -0.03064624 -0.03744953 0.03746935 -0.02689030 0.01454820 -0.03240972 -0.02069316 0.01450412 -0.02818515 0.00136267 0.00346680 -0.01119290 -0.04035077 -0.01169060 0.02358206 0.01106771 -0.03340834 0.00833819 -0.04783981
-0.03365190 0.04707702 0.03394659 0.03192271 0.00551022 0.00668176 0.01618812 -0.00664996 0.20779857 0.05584869 0.04870430 0.00269255 -0.01275767 -0.05435773 0.01736140 -0.01817097 0.00933292 -0.01358584 -0.04699253 -0.04001330 0.02645170 -0.00694554 -0.01258161 -0.05663560 -0.03034202 -0.00163089 0.01520179 -0.02868750 0.00616689 -0.03505274 -0.00984632 -0.01112060 0.01184328 -0.02705732 -0.02787991 -0.00574493 0.02033244 0.02611730 -0.03275415 0.00004082 0.01102667 -0.01596658 -0.00258183 -0.01181296 -0.03075844 0.00160440 0.02399676 0.01433160 0.03771749 0.01273641 -0.04746493 -0.02744055 -0.02561198 -0.01100552 -0.00106507 -0.02416762 -0.02878482 0.03840240 0.00448705 -0.04599319 0.02636849 -0.03022756 -0.01451312 0.00137097 -0.02339730 -0.05889585 0.04676373 -0.02870779 0.00911777 0.02479449 -0.04567592 0.00441083 0.02631158 -0.02172268 0.01028773 0.02070976 -0.00844190 0.00317223 0.02878266 0.00898115 0.02924039 -0.02268808 0.06651281 0.04696960 0.02017601 -0.04615782 0.00252106 0.03963846 -0.03546626 -0.03366591 0.05395170 -0.03747872 -0.01106519 -0.01958900 0.02177603 0.00241083 -0.01986889 0.03212069 -0.01665202 -0.00742963
-0.03124949 0.02611213 -0.00667033 0.01654952 -0.00795052 0.03345697 0.00366392 0.01277490 0.05584869 0.18849729 0.02617165 0.01744300 -0.01684032 -0.04846846 0.00235332 -0.02567817 0.02767547 -0.00270899 -0.01683190 -0.01090804 0.01177429 -0.03115225 -0.02892200 -0.04675128 0.01962359 -0.02468634 0.03691425 -0.00693358 -0.01484816 -0.00864493 -0.03577857 -0.01175950 0.05172992 -0.03912507 -0.04681763 0.00920536 0.00250237 0.02192281 0.01618443 0.01651948 0.00571639 -0.03530700 0.01786256 -0.00996630 -0.03649669 0.02076216 -0.00920733 0.00861495 0.02371529 0.02777055 -0.03216903 0.00912163 -0.03830104 0.03177874 0.02757676 0.01884666 0.01179631 0.02806966 0.00408561 -0.03699747 -0.01772288 -0.01388045 0.00920612 -0.00769478 -0.02796893 0.02744573 0.01719739 -0.00690845 -0.03656681 0.03057258 0.00719689 -0.01270676 0.03097950 0.03605233 0.00455412 0.00520604 -0.05709636 -0.01329898 -0.01170024 -0.01739400 0.01354283 -0.02522621 0.05558855 0.02462656 -0.01616341 -0.01903357 -0.01741516 0.05119460 -0.01736670 -0.00928901 0.02200700 0.00077711 -0.02342181 -0.06901257 -0.00578909 0.00161303 -0.04081636 0.00090570 0.02459296 -0.04286496
-0.02614834 0.01194196 -0.00237688 0.02204311 0.00578241 0.02347665 0.00799460 -0.01091420 0.04870430 0.02617165 0.17065589 0.00772918 0.01773356 -0.04187233 0.01262042 -0.02319960 0.00648063 0.01616472 0.00537650 0.02112112 0.00490146 0.02565570 -0.00798113 0.03700452 0.01580016 -0.02883586 -0.00152369 -0.02478019 -0.02559165 -0.02724688 0.00670866 -0.02832968 0.02112169 -0.03396997 -0.01164367 0.01399670 -0.01222598 -0.01566296 -0.01693002 -0.02178834 -0.01254892 -0.02543575 0.01470704 -0.03056323 -0.00409456 -0.00652714 -0.00096398 0.00031680 0.04389377 -0.01830053 -0.01347495 -0.01819811 0.00603469 -0.00888489 0.00367646 -0.03403451 0.02430115 -0.01195066 -0.01199518 0.01850009 0.02905546 -0.00290373 -0.03147710 0.00923399 0.02317676 0.03599343 -0.03561993 0.00451298 -0.02592939 0.03913016 0.00357986 0.00000172 0.00074501 -0.05334796 0.00454352 0.00046127 -0.01148787 0.04528673 -0.02255323 0.00036277 -0.02902876 -0.04334023 0.02791223 -0.00423490 -0.00114707 -0.02667045 -0.02791909 -0.01161640 -0.02122231 0.02729973 0.02003759 0.02079481 0.00170385 -0.03533692 0.02066853 -0.03668806 -0.02330537 0.02605603 -0.01516526 0.03905526
-0.00171861 0.01135112 -0.00373906 -0.03134665 -0.00245901 -0.01479453 0.00171328 -0.03498691 0.00269255 0.01744300 0.00772918 0.14829057 -0.02716685 0.00421460 -0.03694112 0.00112995 -0.00017705 -0.00610207 0.04000775 -0.04245782 0.01249357 -0.03239745 0.02219889 -0.01029969 0.00341532 -0.00634633 -0.04472147 -0.03049280 0.02347350 0.02242735 -0.01435900 -0.02383377 -0.01463414 -0.02653738 0.01281248 0.01934559 -0.04011771 0.00305994 -0.02839297 0.01663498 -0.01583475 0.04326219 -0.02385367 -0.00137821 -0.02930292 -0.04168992 0.02230012 -0.03487813 0.04012999 0.00431389 -0.00548444 -0.00503081 -0.01483951 -0.01596708 0.00998386 -0.01404360 0.00873033 0.01843690 -0.01765457 0.00274871 -0.01029262 0.03049605 0.03253240 -0.01289408 -0.01900691 0.04496062 0.02856442 -0.02400233 -0.00872898 -0.02543925 0.03535514 0.01193854 0.02621315 -0.01096827 0.01921881 -0.05126221 -0.03844575 0.03450868 -0.02948372 0.02788100 0.01552155 -0.01274457 -0.00212765 -0.00834789 0.00269370 -0.03075511 0.03185080 0.02036407 0.00569759 0.02286898 0.00295608 0.01686558 -0.00237621 0.03452835 0.02073933 -0.00713393 -0.02265811 -0.03025803 0.02015012 0.00217874
-0.02495516 -0.04204804 0.00926007 -0.01890330 0.00486483 0.01745807 0.04639367 -0.02558152 -0.01275767 -0.01684032 0.01773356 -0.02716685 0.17845252 0.02488950 -0.02992117 -0.00658676 0.03832583 -0.04653807 0.01235196 0.01227233 0.01793922 -0.01076206 0.00652273 0.00311408 -0.03188858 0.00178052 0.02298677 -0.01047509 -0.01996470 0.02341001 0.02182297 0.04199768 -0.03339021 0.00041227 0.04131920 -0.01402253 -0.04343484 -0.05304721 -0.01385700 -0.00044541 -0.03456160 -0.01139887 -0.00618477 0.00604654 0.01448569 0.02662953 -0.02037255 0.01877272 -0.04228945 -0.02445104 -0.01487625 -0.03005312 0.01140347 -0.00004325 -0.01089096 -0.00669227 0.00628790 0.00267302 -0.03413781 0.02571217 0.05528976 -0.00338236 0.01795460 -0.01586334 0.04669320 0.00137865 0.00679554 0.01587338 0.03948414 -0.03338097 -0.00726340 -0.00572807 0.01975214 -0.02775553 -0.03453385 0.01878248 -0.02064569 -0.04352403 0.00773580 0.00716277 -0.04939515 0.02032496 0.01633670 0.02560628 -0.01646390 -0.02612694 0.00799425 -0.02328717 0.00542092 0.03463987 -0.00503255 0.00779028 0.02416208 -0.04319426 -0.00296259 0.01690860 -0.04727292 0.08503123 -0.05499416 0.02163551
0.02448827 -0.05285339 0.00670489 -0.06677955 -0.00038006 -0.02388928 0.01615321 0.00514804 -0.05435773 -0.04846846 -0.04187233 0.00421460 0.02488950 0.20319621 0.00932552 0.01225722 0.00809608 -0.00390518 0.04371390 -0.00140048 0.01762082 -0.03238330 0.02686840 -0.01863953 -0.00373231 0.02786707 -0.01613970 0.00072264 0.01961219 0.03712396 0.01121961 0.01567655 -0.02325624 0.02995493 0.01844988 0.02264259 0.00667977 -0.01389889 0.01654529 0.01330547 -0.03616766 0.02274150 0.00323465 0.04111971 -0.00740799 0.00679149 -0.00830949 -0.00573388 -0.02799948 0.04384910 0.01393588 -0.02277830 0.00576643 -0.00722824 -0.06156372 0.00207005 -0.03123068 0.05942635 -0.01414338 -0.02283241 -0.01939650 -0.00841153 0.04994387 -0.03768949 0.02339648 -0.03475805 0.03824304 0.00710857 0.00102720 -0.02255464 -0.02241289 -0.01151810 -0.00223832 -0.00289655 -0.03089672 -0.03871824 0.03388093 -0.02946223 -0.03309310 0.02357983 0.02599529 0.01077077 -0.03651147 -0.00697823 -0.00204277 -0.01297497 0.02617407 -0.03856471 0.01176748 0.00886108 -0.02336417 0.01659212 0.02619055 0.03641819 -0.01494433 -0.01564277 0.00462455 -0.05174778 -0.00799643 -0.03400747
0.00246647 -0.01233365 -0.00235515 0.00640066 -0.01898565 -0.00022332 -0.03203019 0.04456342 0.01736140 0.00235332 0.01262042 -0.03694112 -0.02992117 0.00932552 0.16804986 0.01773721 0.01183924 0.03051626 0.02919252 0.03483315 -0.02730603 0.04553948 -0.01315583 0.01469797 0.02082425 0.01396336 -0.00115285 0.00761814 0.00908985 -0.00893681 0.01485821 -0.01962259 0.01835307 0.02173631 -0.07617621 -0.01589399 0.01668457 0.00635572 0.03659356 -0.00113227 0.03785512 0.00166509 0.03373254 -0.00978939 -0.03313768 0.00241114 -0.00017255 -0.01107631 0.00766880 0.02967916 0.02252427 -0.01633504 -0.03184235 0.01055879 -0.02870772 -0.00920368 0.00197902 0.03881255 0.03036580 0.01365082 0.00858657 -0.03496116 -0.03526741 -0.00102463 -0.03231196 -0.02798466 -0.02451241 -0.00449426 -0.01545424 0.04566019 -0.00631404 0.01814750 -0.01986798 -0.00144838 -0.00854893 -0.01220927 0.01978630 -0.03416610 -0.01261352 -0.01342718 0.00246042 -0.04006550 -0.04257108 -0.00907597 -0.00555328 0.00221974 -0.02152467 -0.00894494 -0.00667212 -0.04737365 0.00851633 0.06512863 -0.00219816 -0.03237039 0.00122330 -0.01396044 0.04333838 -0.02147060 -0.01853753 -0.01607686
-0.02036350 -0.03967848 -0.00369471 0.00706234 0.00570867 -0.01042749 -0.02999957 -0.00383392 -0.01817097 -0.02567817 -0.02319960 0.00112995 -0.00658676 0.01225722 0.01773721 0.13466213 -0.00053870 0.03008630 0.04053284 0.01256122 -0.00335394 0.00730372 -0.00233028 -0.00126333 -0.00544491 -0.01138048 -0.00734596 -0.02396069 -0.01848641 0.03758058 -0.04693374 -0.00659270 -0.01857973 -0.01823626 0.00129831 -0.01086880 -0.00385046 0.02062621 0.00564814 0.01606966 0.01892763 0.04634644 -0.01213369 0.00444377 0.01251465 -0.02390296 0.01922604 -0.01080195 0.00758122 -0.01619415 0.00532962 0.03278494 -0.00448962 0.00330119 0.00469712 0.01707944 0.00143282 -0.02799559 -0.01380664 0.00385354 -0.01547725 0.00887055 0.01536905 0.00723640 -0.00148132 0.02766286 -0.02612561 -0.02555893 -0.00973682 -0.00868787 0.03529498 0.01071339 0.01876247 0.00601201 -0.01637489 -0.01652847 0.00393866 -0.02056214 -0.02907176 0.00875522 -0.01947404 0.04371760 -0.02871213 0.01169178 0.01066363 0.01320467 -0.03175743 0.03591738 0.01729582 -0.00746830 0.01101184 0.03049311 -0.01879451 -0.01227373 -0.02854036 0.03032565 -0.02992445 -0.01849855 0.00490622 0.00210470
0.01318847 0.00045480 0.00743723 -0.02767331 -0.04907195 0.01807368 -0.00131071 -0.00872818 0.00933292 0.02767547 0.00648063 -0.00017705 0.03832583 0.00809608 0.01183924 -0.00053870 0.16156061 -0.01804269 -0.00774659 0.00798417 -0.00091678 -0.01577710 -0.00317184 -0.03342777 0.00189302 -0.05086708 0.01588527 0.00874609 0.02314305 0.00937027 -0.01906749 0.01208664 0.01486857 0.01519639 -0.01710793 0.01653061 -0.02397807 -0.04844167 -0.00979910 -0.00841273 -0.03069397 -0.00412272 0.00295947 0.00759638 -0.00046729 0.03063804 -0.04417439 0.03376782 -0.03682264 -0.02221274 -0.02687434 0.00932141 -0.01723501 0.04379079 -0.01525740 0.02683115 0.00189427 0.01446207 -0.00666976 -0.00000197 0.01062257 -0.01232666 0.01788156 0.02849533 -0.00544841 0.00004048 0.01762713 0.05185251 -0.00825039 -0.00456723 -0.05513935 0.00335656 0.00581207 -0.00139827 -0.00822077 0.00898198 -0.04528075 -0.01399396 0.00071463 0.00776449 -0.00967368 0.00829840 0.00839429 0.01096945 -0.01323763 0.04098040 -0.00842985 -0.01274102 0.01274039 -0.01770473 -0.01371422 0.00689752 -0.00147288 -0.03472448 -0.00025461 -0.01396691 0.00615916 0.01596325 -0.03981974 0.02058380
-0.01294337 -0.02666902 -0.03716756 0.01371834 -0.02357080 0.00800955 -0.04197673 0.00705788 -0.01358584 -0.00270899 0.01616472 -0.00610207 -0.04653807 -0.00390518 0.03051626 0.03008630 -0.01804269 0.17709696 0.05426737 0.05242209 -0.02397590 0.05890788 0.00336023 0.01535330 0.02260609 0.00238784 0.02367580 0.00162756 -0.03217293 0.03128891 -0.02634097 -0.01859180 -0.01028799 0.00151671 -0.02523696 0.00656502 0.01909727 0.01980905 -0.02346115 0.02429788 0.02676644 -0.00383066 -0.01093099 0.01542747 -0.00440063 -0.00100671 0.02983650 -0.02869007 0.01280632 -0.02418106 0.04412951 0.00050543 -0.02001372 -0.00147965 -0.00231159 0.02200787 0.02641892 -0.04950334 0.00553456 -0.00084184 -0.00359191 -0.00708001 -0.04601061 0.00943154 0.01257981 0.05048323 -0.06136657 0.00439197 -0.02664474 0.04209958 0.00854249 0.00698596 0.01031156 0.00899881 -0.02734092 -0.03602354 0.03145566 0.01548780 -0.04943121 0.01810225 -0.00235414 -0.02417369 -0.03021061 0.00083936 -0.00721636 0.01368420 -0.02859520 0.01626666 -0.02900057 -0.01202840 0.01552888 0.03136080 -0.01673765 -0.04606109 0.01041875 -0.05526885 -0.02142865 -0.06501042 0.06087828 -0.00827681
-0.03277975 -0.02256521 -0.05430668 -0.04566394 -0.02450038 -0.02081866 -0.01765250 -0.00691336 -0.04699253 -0.01683190 0.00537650 0.04000775 0.01235196 0.04371390 0.02919252 0.04053284 -0.00774659 0.05426737 0.21183047 0.04522493 0.00269872 -0.01540938 0.02739624 0.01277584 0.02869153 0.00135329 0.00991935 -0.03840352 0.01117136 0.04786171 -0.03690895 -0.00353287 -0.00729073 0.00506978 0.02588945 -0.04618886 -0.03096285 -0.03082447 -0.02894345 0.02403867 0.04113614 0.02888305 -0.00825992 -0.01600886 -0.01150478 -0.00611112 0.01712276 -0.01358435 0.02047142 -0.03586914 0.01800186 -0.00534361 -0.01303798 0.01591335 -0.03126050 0.01873276 -0.00127603 -0.03871097 -0.03449018 -0.00803161 -0.00922826 0.00217077 0.02009007 0.01984989 0.01709769 0.05682855 -0.02119728 -0.01602648 -0.00645886 -0.02935362 0.05214826 0.07802153 0.01876578 -0.01046399 0.00274943 -0.04008511 -0.01371047 -0.02398817 -0.04763553 -0.00062100 -0.03752370 0.00380935 -0.06529948 0.01834360 0.00261943 -0.01499509 -0.00610336 0.03723915 0.00755616 0.01440545 0.02111961 0.03813046 -0.01181843 -0.03185413 0.03260776 -0.02328087 -0.04266862 -0.02457882 0.01783375 -0.01783863
0.01984533 -0.03498948 -0.05582908 0.02552728 0.02434110 -0.00386730 -0.05338994 0.00552051 -0.04001330 -0.01090804 0.02112112 -0.04245782 0.01227233 -0.00140048 0.03483315 0.01256122 0.00798417 0.05242209 0.04522493 0.23876995 -0.02123419 0.03240450 0.00329386 0.04869561 0.00193105 -0.02127685 0.03156918 -0.02777257 -0.04418016 -0.01617005 0.01872657 0.01427744 0.02069136 0.03106476 0.00432744 -0.06066208 -0.01399924 -0.02662415 0.00563210 0.03378812 0.03831595 -0.04398226 0.00608198 0.03616906 -0.04146826 0.02572066 -0.00101236 0.00744203 -0.07469646 0.02274322 0.04388588 -0.01543517 0.01964386 0.03629702 -0.02938097 -0.00945967 0.00064168 -0.07609520 -0.01827661 -0.02861965 0.02713307 -0.04678764 -0.03597806 0.03865256 0.01444235 0.03076085 -0.06330052 0.01897972 0.00571066 -0.01492497 0.00007132 0.03349059 -0.02012077 0.01810158 -0.01674601 0.03923322 0.03385592 -0.05430554 0.02912126 -0.03571352 -0.06783571 -0.01944278 -0.00371000 0.04251192 0.01214929 0.03681916 -0.03958665 -0.00690218 -0.02963841 0.00181839 -0.03141521 0.00875484 0.00258057 -0.03798960 -0.02377848 -0.04233734 0.04193002 0.01755301 -0.00928503 0.02582664
-0.01219114 -0.01356266 -0.01199736 -0.00238176 0.00463801 0.00737235 0.02441416 -0.04621900 0.02645170 0.01177429 0.00490146 0.01249357 0.01793922 0.01762082 -0.02730603 -0.00335394 -0.00091678 -0.02397590 0.00269872 -0.02123419 0.12841439 -0.05805857 0.00106713 -0.01097519 0.00077338 -0.00452583 -0.01329687 -0.00277291 -0.01093093 0.01785848 -0.01818574 0.01114975 -0.04247878 -0.01115248 0.02730234 0.02027315 -0.00495644 0.00171190 -0.01249215 0.00597014 -0.02231405 -0.00160243 -0.01365490 -0.00654489 -0.01015844 -0.00290839 0.00249099 0.00177200 0.02030047 0.01578072 -0.03255091 -0.01648847 -0.00030276 -0.00563313 0.02197347 -0.04652510 -0.00895206 0.03211628 -0.01279848 -0.01696398 0.00542647 -0.01426304 -0.00942612 -0.00542096 -0.00689930 -0.03015801 0.04949488 0.00577782 0.00138818 0.01144827 -0.01383910 -0.01771454 0.04210307 -0.03975223 -0.01002287 0.01872117 -0.00475547 -0.00975786 0.01717358 0.00036579 0.00204965 0.04224067 0.04751429 0.00515707 -0.00960687 -0.03453642 0.01137518 0.02343925 -0.01522438 0.02023394 -0.00052361 -0.00107642 -0.00574423 0.03902934 -0.00172645 0.00330438 -0.02358418 0.02273005 -0.01017807 -0.00735549
-0.00697253 0.01047273 -0.01109021 0.03384903 0.01089478 0.01902725 -0.02088457 0.01725659 -0.00694554 -0.03115225 0.02565570 -0.03239745 -0.01076206 -0.03238330 0.04553948 0.00730372 -0.01577710 0.05890788 -0.01540938 0.03240450 -0.05805857 0.21897127 -0.00494533 0.01846306 0.01144557 -0.00041328 -0.00200995 0.00929064 -0.01101450 -0.00165659 0.05061038 0.02528967 0.00209050 -0.00588055 -0.01722038 0.03770898 -0.00165530 0.02968833 -0.01827065 -0.00289594 -0.00440931 -0.00209475 0.00178442 0.02403827 0.03844279 -0.01004126 0.02009338 0.02832589 0.01518929 0.00058972 0.07425521 -0.01307603 -0.01390910 -0.01418735 -0.07403511 0.01734499 0.02284955 -0.01477677 0.01043680 -0.01102197 0.04935473 -0.01898473 -0.03367785 -0.03764585 -0.00670344 0.00553237 -0.05465397 0.01347352 -0.03401599 0.02380927 0.01870462 -0.02869673 0.00854890 -0.01955024 -0.03608622 0.00733876 0.04678432 0.01956637 -0.03555853 0.00348124 -0.06370259 -0.03798441 -0.05916714 -0.00290014 -0.00602513 -0.03423357 -0.01528543 -0.03748104 -0.01987933 -0.03340057 0.00970606 -0.00671113 -0.01047375 -0.01409393 0.00640164 -0.05497742 0.00166737 0.01452335 0.02797524 0.01186386
0.03153384 -0.02152903 -0.00048523 -0.01729229 0.01869999 -0.02359916 0.01280417 -0.01156507 -0.01258161 -0.02892200 -0.00798113 0.02219889 0.00652273 0.02686840 -0.01315583 -0.00233028 -0.00317184 0.00336023 0.02739624 0.00329386 0.00106713 -0.00494533 0.12927366 -0.02073313 -0.03204595 0.02703729 0.00016003 0.00353218 -0.00884875 0.03370277 0.00833286 0.00812466 -0.06653999 -0.01038553 -0.00499752 -0.02023731 -0.03754724 0.00014792 -0.02878842 0.00825996 -0.00116923 0.00280921 0.02316295 0.03109456 -0.00605455 0.01282980 0.00704278 -0.01204298 0.02707489 0.00015615 0.00099482 -0.00299203 -0.02236239 -0.00684123 -0.01086352 0.00966682 -0.02496222 0.01380834 0.00648284 -0.00556127 0.01935040 0.01222186 0.02888508 -0.03203668 -0.02306893 0.01155229 0.01533188 -0.03306894 -0.00212322 -0.01670649 0.00005048 0.00718081 0.03009264 -0.01187673 0.00157201 -0.01896547 0.02458995 -0.02840394 0.01128663 -0.00128941 0.00369653 -0.01535843 -0.01100099 0.00168812 0.00604625 0.00687446 0.00540526 0.00642441 -0.01759534 0.00072020 -0.00908843 -0.01740822 0.02169666 -0.00039881 0.01755492 -0.02586756 -0.02693353 -0.03019414 0.03366806 -0.00866449
-0.01604520 -0.02286248 -0.02877153 0.02201792 0.03872202 -0.01326649 -0.03640366 0.01103865 -0.05663560 -0.04675128 0.03700452 -0.01029969 0.00311408 -0.01863953 0.01469797 -0.00126333 -0.03342777 0.01535330 0.01277584 0.04869561 -0.01097519 0.01846306 -0.02073313 0.18942755 0.00337103 -0.01930834 0.01056670 0.01529284 -0.05042185 0.01354582 0.05282316 -0.02800669 0.01701253 0.01675478 -0.02451672 -0.00677147 -0.00246821 -0.00699926 0.02621280 -0.02267329 -0.01941925 0.01155756 0.01499668 -0.02128024 0.00331703 -0.01534784 -0.04001178 -0.00307738 -0.02394718 -0.01941016 0.04161492 -0.00748412 0.04016212 0.00211630 0.03532179 -0.04130744 0.01943742 -0.05798906 -0.02138895 0.05064665 0.00333468 -0.02613152 -0.05491933 0.02483516 0.02259632 0.03560060 -0.05381881 0.02104821 0.02412353 -0.00742199 0.03541095 0.00520185 -0.01059353 -0.03052914 -0.02257999 0.02613489 0.01515684 0.02530764 0.00199550 0.00849440 -0.02580799 -0.01871548 -0.03698321 -0.01010362 0.00500380 0.02865456 -0.01190405 -0.06073917 0.01924895 0.00691315 -0.02356100 0.08481220 -0.00785977 0.01198690 -0.03169506 -0.01770333 0.00335024 0.00527336 -0.03090897 0.05785817
-0.05198417 0.02114910 -0.02838617 0.00329803 -0.02218342 -0.00627941 -0.02000874 -0.00207179 -0.03034202 0.01962359 0.01580016 0.00341532 -0.03188858 -0.00373231 0.02082425 -0.00544491 0.00189302 0.02260609 0.02869153 0.00193105 0.00077338 0.01144557 -0.03204595 0.00337103 0.20314216 -0.05644651 -0.05046539 0.03693031 0.03678192 -0.01518541 -0.01303862 0.00741289 0.08760130 0.00781073 0.00767160 0.02997059 0.00667577 -0.04978413 -0.00059847 0.01421136 -0.03674314 0.00725602 0.01461665 -0.02923351 0.02291411 -0.02239455 -0.02908531 -0.00606984 0.02911433 0.04088621 0.01950477 0.02453565 0.00021637 0.03840661 0.00097667 0.03812609 0.04648268 -0.01753480 0.00667913 0.00004389 -0.03018991 -0.01049568 -0.01714374 0.02709042 -0.03914167 0.06039433 -0.02514627 -0.00631761 -0.00619568 0.01357601 0.02479753 0.00993783 -0.00275652 -0.01985096 0.02608815 -0.01044217 -0.01779831 0.02686185 -0.04201253 -0.01553122 -0.01032834 -0.00211459 -0.00123715 -0.05952648 -0.03099969 -0.04033368 -0.02701717 -0.00878408 -0.01436101 -0.01303233 -0.02353963 0.02125201 -0.04298369 0.05405549 -0.03719316 0.00069819 0.01843439 -0.00290943 -0.00969376 -0.02576479
0.03198155 -0.03081029 -0.00827041 0.02277355 -0.00139456 -0.03559356 -0.02616636 -0.02325790 -0.00163089 -0.02468634 -0.02883586 -0.00634633 0.00178052 0.02786707 0.01396336 -0.01138048 -0.05086708 0.00238784 0.00135329 -0.02127685 -0.00452583 -0.00041328 0.02703729 -0.01930834 -0.05644651 0.22026230 -0.05919919 -0.04203843 -0.01606476 -0.00528673 0.04963310 0.00272703 -0.04017650 -0.00363645 0.02080255 -0.02715277 0.02044629 0.05381370 0.01030724 -0.01185888 0.01964335 0.00107374 -0.03036368 -0.02932944 -0.03902910 0.03133157 0.05029804 -0.04689131 -0.03558215 0.03627906 0.02356162 -0.04460795 -0.01055743 -0.04467384 0.03589066 0.00421424 -0.00800183 0.04370905 0.04566590 0.02337411 0.01569645 0.04736738 -0.01141428 -0.02792623 -0.04176895 -0.02386296 0.02034121 0.00639154 -0.02539489 -0.01244948 -0.02548767 0.00113401 0.00760190 0.04546001 0.03975889 -0.05492918 0.00296013 -0.04458772 0.00574482 0.02784128 0.02198401 -0.04642468 -0.02984260 -0.00663770 0.00874179 -0.03901356 0.06024338 -0.00623607 -0.01200455 0.00004293 0.01509524 -0.00125195 0.04083953 0.01380919 0.03886878 0.01778569 0.00578075 -0.03814251 0.01798287 -0.04637414
0.01624751 -0.00102968 0.01540168 -0.05253590 -0.03433269 0.02666827 0.02661487 0.02618329 0.01520179 0.03691425 -0.00152369 -0.04472147 0.02298677 -0.01613970 -0.00115285 -0.00734596 0.01588527 0.02367580 0.00991935 0.03156918 -0.01329687 -0.00200995 0.00016003 0.01056670 -0.05046539 -0.05919919 0.21831383 0.02310942 0.01470073 0.00557380 -0.03673487 0.00869692 -0.00516324 -0.00590040 -0.05553893 -0.01888123 0.00566233 0.02436069 0.00161005 0.01976216 0.01378364 -0.03941066 0.04119838 0.05104981 0.00741243 0.04125581 -0.04344647 0.05480883 -0.01079522 -0.06643303 -0.03410992 -0.01703915 -0.01379545 0.02223408 0.00850940 -0.00288347 -0.01691792 -0.02242782 -0.00957120 -0.03979650 0.01449616 -0.02373425 0.01682414 0.02831297 0.03865124 -0.03307580 -0.05202729 0.02328250 0.01033406 0.00492173 -0.01753602 0.01458509 0.00433226 0.01577281 -0.06480875 0.03082483 0.01592410 -0.01781146 0.04763641 -0.02900028 -0.00944790 0.01415442 -0.00286522 0.02708427 -0.02167805 0.09353762 -0.03290943 0.01007781 0.01698871 -0.00668492 -0.00514783 0.00756093 -0.03537602 -0.07195070 0.00365206 -0.06092749 -0.03204962 -0.01981101 0.02536274 0.01407198
-0.00835985 0.01453830 0.00678791 0.01463807 -0.00893173 0.02243236 0.03922712 0.00959642 -0.02868750 -0.00693358 -0.02478019 -0.03049280 -0.01047509 0.00072264 0.00761814 -0.02396069 0.00874609 0.00162756 -0.03840352 -0.02777257 -0.00277291 0.00929064 0.00353218 0.01529284 0.03693031 -0.04203843 0.02310942 0.20226559 -0.01353045 0.04226147 0.02574425 0.00400531 -0.00985696 0.02346554 -0.06024409 0.03840004 0.02454820 -0.04557997 -0.01020831 -0.02804572 -0.05406767 0.00098300 0.02492475 -0.00757133 0.02930728 0.02481844 -0.06934374 0.02964727 0.01967400 -0.00921722 -0.00424164 0.02788683 -0.00673261 0.02216207 0.02370755 0.02914591 0.00321677 0.02196703 0.03067418 0.05082123 -0.00502902 -0.02574507 -0.05798155 0.00014030 -0.00541690 -0.01816303 -0.00291400 -0.02848764 0.03566160 0.04121873 -0.01865816 -0.04287292 -0.00186833 -0.01808594 -0.00602068 0.03260860 0.02955494 0.01794897 0.00621018 -0.02936944 0.04602641 0.01885474 -0.02507289 -0.07007342 -0.06988539 0.02618859 -0.02245778 -0.02276509 -0.00130399 -0.02801017 -0.00667848 0.00514979 -0.00607320 0.02361677 -0.01645194 -0.02859194 -0.01411591 -0.03530226 -0.01893782 -0.02720534
0.04076353 0.03170141 0.00128172 -0.07646941 -0.08365848 -0.02479545 -0.01409702 0.00341128 0.00616689 -0.01484816 -0.02559165 0.02347350 -0.01996470 0.01961219 0.00908985 -0.01848641 0.02314305 -0.03217293 0.01117136 -0.04418016 -0.01093093 -0.01101450 -0.00884875 -0.05042185 0.03678192 -0.01606476 0.01470073 -0.01353045 0.20673066 -0.02471171 -0.04140658 0.01517175 0.01826100 -0.00783384 0.00829168 0.02845622 -0.00594786 -0.01747721 -0.03806212 0.02191580 -0.01999247 0.02310876 0.01133816 0.02275936 0.05982025 -0.02014949 -0.00213938 0.02201555 0.00603459 -0.03091245 -0.01423401 -0.03077643 -0.01582144 0.00820937 -0.05528280 -0.00739311 0.02227021 0.05231960 -0.01177063 -0.02361036 -0.00576645 0.02688335 0.05012053 0.05460936 -0.00970947 -0.01873068 -0.00078636 0.02647650 -0.02554085 -0.00675863 0.00150478 0.04417621 -0.04941230 0.00533475 0.05201943 -0.03844461 0.02313346 0.03035986 0.00140124 -0.03317163 -0.01668541 -0.00697218 -0.01887187 -0.01425121 -0.01033070 -0.02167732 -0.01885822 -0.01505293 -0.01813368 0.01993880 -0.01261149 -0.04134004 -0.02826255 0.05914632 0.06324334 -0.01392478 0.04096115 0.00094328 0.00090412 -0.00268639
-0.02813131 -0.02420722 -0.02716293 -0.01808608 -0.00901152 0.00955204 0.03205132 0.02474849 -0.03505274 -0.00864493 -0.02724688 0.02242735 0.02341001 0.03712396 -0.00893681 0.03758058 0.00937027 0.03128891 0.04786171 -0.01617005 0.01785848 -0.00165659 0.03370277 0.01354582 -0.01518541 -0.00528673 0.00557380 0.04226147 -0.02471171 0.17032651 -0.00178748 0.02890123 -0.07060956 -0.00442925 -0.02116023 0.01376068 -0.02699837 -0.03178632 -0.03746126 -0.00303489 -0.01465563 0.03561676 -0.00515804 0.01981079 0.02124115 0.00633092 -0.01011529 0.01677600 0.02585492 -0.02910826 0.04356701 -0.00917726 -0.01259607 -0.02247323 -0.02029276 0.03554702 -0.01590501 0.01713667 -0.02707368 0.01071826 0.00412975 0.00079887 0.04252614 -0.02906994 0.00124525 0.04901232 0.00208185 -0.01928553 0.00073453 0.00812884 0.03674329 -0.00300652 0.05135432 0.00801435 -0.02852931 -0.00825881 0.00766060 -0.03828572 -0.03508099 -0.02172521 -0.00583545 0.03120388 -0.04172968 0.02159510 -0.05235836 -0.01146279 -0.01060835 0.01405924 0.01175993 -0.01296518 0.01173124 0.03721451 -0.02570717 -0.02534840 -0.01692399 -0.00185039 -0.07696290 -0.04311677 0.00325697 -0.03462853
-0.00468941 0.00740085 -0.02620181 0.02790164 0.02244812 0.01076509 0.01118792 -0.00542627 -0.00984632 -0.03577857 0.00670866 -0.01435900 0.02182297 0.01121961 0.01485821 -0.04693374 -0.01906749 -0.02634097 -0.03690895 0.01872657 -0.01818574 0.05061038 0.00833286 0.05282316 -0.01303862 0.04963310 -0.03673487 0.02574425 -0.04140658 -0.00178748 0.17924169 0.02924914 -0.02004900 0.02974339 0.00992843 0.02051273 0.01973376 -0.02521322 0.01081735 -0.04386263 -0.01467470 -0.00263606 -0.01121432 -0.02417799 -0.01176761 0.03156414 -0.01537756 0.00499098 -0.02307010 0.02397384 0.03713146 -0.04001481 0.03269846 -0.03218704 -0.01267769 -0.01515228 -0.00134513 0.00651048 0.01844155 0.03341726 0.03530922 -0.01345220 -0.03181741 -0.05735609 -0.00852418 -0.02080315 -0.00687991 0.04578912 0.02213031 -0.02593138 -0.01383668 -0.05496406 -0.00150975 -0.01858130 -0.01907808 0.01469350 -0.00184627 -0.00509320 0.01438907 0.01964336 0.01388839 -0.02988952 -0.00726309 -0.03171189 -0.00446237 -0.02419893 0.05116504 -0.06821282 -0.00585211 -0.00865833 -0.00722442 0.01968094 0.02572583 0.02601201 -0.04138402 -0.02332613 0.01414266 -0.02087148 -0.03026751 0.03358428
-0.01600196 -0.00025259 -0.00240567 -0.02215573 -0.01441200 0.01629013 0.03552034 -0.01233696 -0.01112060 -0.01175950 -0.02832968 -0.02383377 0.04199768 0.01567655 -0.01962259 -0.00659270 0.01208664 -0.01859180 -0.00353287 0.01427744 0.01114975 0.02528967 0.00812466 -0.02800669 0.00741289 0.00272703 0.00869692 0.00400531 0.01517175 0.02890123 0.02924914 0.14352020 -0.02265401 -0.00176324 0.02702359 -0.00623491 0.00332683 -0.03925793 -0.02935004 0.01140256 0.00083755 -0.02876037 0.00423752 0.01700152 0.02211538 0.04683111 0.00570992 0.04110888 -0.02009191 -0.01557799 0.00123795 -0.02616207 0.00017917 -0.02476133 -0.05108094 0.01501205 0.00419339 0.00447928 -0.02557941 -0.03415791 0.02124220 -0.01973514 0.03564128 -0.03011073 -0.00666352 -0.01199140 0.00666406 0.02471541 0.00923865 -0.01275804 0.01075360 -0.00933045 0.01289690 0.02267595 -0.00813497 0.03745287 0.01021110 -0.05218787 0.03052195 -0.02025073 -0.02831255 0.03639311 0.01386538 -0.00576033 -0.02884161 -0.02480321 0.01373988 0.01844831 -0.01665736 -0.00368897 -0.00156467 -0.06230931 -0.01315648 -0.01294540 -0.00835342 -0.01612003 -0.01509072 0.04013512 -0.01969231 -0.01594725
-0.04849879 0.02985214 0.02039542 0.00006783 0.01120344 -0.02468924 -0.04184602 0.06743043 0.01184328 0.05172992 0.02112169 -0.01463414 -0.03339021 -0.02325624 0.01835307 -0.01857973 0.01486857 -0.01028799 -0.00729073 0.02069136 -0.04247878 0.00209050 -0.06653999 0.01701253 0.08760130 -0.04017650 -0.00516324 -0.00985696 0.01826100 -0.07060956 -0.02004900 -0.02265401 0.23521372 0.01570732 -0.02449486 -0.02550593 0.01470230 -0.01491559 0.01371038 0.04028676 -0.00542145 -0.01122656 0.02316904 -0.02115908 -0.02998812 -0.02536485 -0.01656048 -0.00090168 -0.02465019 0.05189431 0.00434019 0.03170587 0.01524882 0.02120546 -0.00178752 0.04021123 0.01991570 -0.03777520 0.01499560 -0.00588194 -0.02491823 -0.03721758 0.00023760 0.05879941 -0.01762914 0.02355263 -0.01345488 -0.04925673 0.01333487 -0.00701670 0.01625003 0.02987024 -0.06954276 0.03906584 0.02770041 0.00435944 -0.01321931 0.00824545 -0.03689916 -0.00822086 -0.03983384 -0.04396592 -0.00761333 0.00815881 0.00468396 -0.01037640 -0.01049758 -0.02157834 0.02352855 -0.02222039 0.00058785 0.02148791 -0.01207876 0.00007153 -0.03439827 0.05213280 0.02989333 0.03551733 -0.03317126 -0.04048861
-0.01916176 0.00670070 -0.00859434 -0.00574731 0.02402341 0.00201207 -0.01586588 0.01823630 -0.02705732 -0.03912507 -0.03396997 -0.02653738 0.00041227 0.02995493 0.02173631 -0.01823626 0.01519639 0.00151671 0.00506978 0.03106476 -0.01115248 -0.00588055 -0.01038553 0.01675478 0.00781073 -0.00363645 -0.00590040 0.02346554 -0.00783384 -0.00442925 0.02974339 -0.00176324 0.01570732 0.14128486 -0.00509838 -0.00711358 0.00305230 -0.02814469 -0.00322059 -0.00611690 -0.00499871 -0.01490356 -0.00713328 -0.00988336 -0.00082529 -0.01673305 -0.01586711 0.02959257 -0.06188240 0.01441522 0.03293358 0.00391796 -0.00024564 0.01526462 -0.00201142 0.00162363 -0.04326255 -0.01491246 -0.01560118 0.01484448 -0.02794358 -0.04790383 -0.01874621 0.01382884 0.01776128 -0.02191749 0.01704411 0.00428340 0.00004913 -0.02189435 -0.01184363 -0.00381383 -0.02379550 0.00257752 -0.01294240 0.04835171 -0.00082117 -0.00699873 0.02396146 -0.00361079 -0.00051844 0.02383441 -0.01187631 0.02147276 -0.00198248 0.02014299 0.02131754 -0.03655430 0.02522515 -0.00099938 -0.01734641 0.02759367 0.00723582 0.01373388 -0.05182310 0.01795653 0.05662290 -0.00345279 -0.01572052 -0.01117382
